Problem,time,iterations,usage_ratio_per_machine,total_allowed_machine_usage,total_machine_usage,total_machine_usage_ratio
Problem 1 in file 1,3416.96425,5,0.9 1.3 1.4 1.1 0.9,168,188,1.119047619047619
Problem 2 in file 1,1.0875,6,1.0 1.4 1.2 0.9 0.8,203,208,1.0246305418719213
Problem 3 in file 1,0.745708,4,0.8 1.5 1.1 0.6 1.0,188,190,1.0106382978723405
Problem 4 in file 1,0.8000839999999999,5,1.1 1.3 1.2 0.8 1.0,187,201,1.0748663101604279
Problem 5 in file 1,0.828291,5,0.8 1.4 1.2 0.7 1.6,185,213,1.1513513513513514
Problem 1 in file 2,1.333792,7,1.2 1.1 1.1 0.9 1.1,250,268,1.072
Problem 2 in file 2,0.9648340000000001,5,0.9 0.9 1.1 1.0 1.2,238,247,1.0378151260504203
Problem 3 in file 2,1.119542,6,1.2 0.9 1.3 0.8 1.0,235,245,1.0425531914893618
Problem 4 in file 2,0.973583,5,1.1 1.0 1.3 1.2 1.3,255,293,1.1490196078431372
Problem 5 in file 2,0.931625,5,1.3 0.9 0.8 1.3 1.1,231,245,1.0606060606060606
Problem 1 in file 3,1.228292,5,0.9 1.1 1.0 1.2 0.9,302,310,1.0264900662251655
Problem 2 in file 3,1.518917,7,1.1 1.2 1.2 1.2 0.9,268,295,1.1007462686567164
Problem 3 in file 3,1.300417,5,1.2 1.1 0.9 0.9 1.2,297,313,1.0538720538720538
Problem 4 in file 3,1.212458,5,1.0 1.0 1.2 0.9 0.9,305,312,1.022950819672131
Problem 5 in file 3,1.318541,6,0.8 1.1 1.4 1.1 1.2,285,316,1.1087719298245613
Problem 1 in file 4,1.539667,6,0.8 1.2 1.0 1.1 1.0,355,360,1.0140845070422535
Problem 2 in file 4,1.324167,5,1.1 1.1 1.2 1.2 0.7,365,380,1.0410958904109588
Problem 3 in file 4,1.3346250000000002,5,0.9 1.2 0.9 1.1 1.2,367,389,1.0599455040871935
Problem 4 in file 4,1.541333,6,1.1 1.1 0.9 1.0 1.1,356,372,1.0449438202247192
Problem 5 in file 4,1.8165,7,1.2 1.2 1.0 1.0 1.1,349,388,1.1117478510028653
Problem 1 in file 5,1.90475,6,0.8 1.5 0.4 1.1 0.9 1.5 1.5 1.4,274,307,1.1204379562043796
Problem 2 in file 5,1.6119999999999999,5,1.0 1.1 1.3 0.7 1.1 0.9 1.3 0.5,280,285,1.0178571428571428
Problem 3 in file 5,1.960167,6,0.6 0.8 1.0 1.2 0.7 1.2 1.2 1.0,296,278,0.9391891891891891
Problem 4 in file 5,1.794875,5,1.5 1.1 0.5 1.2 0.9 1.2 1.1 0.8,273,280,1.0256410256410255
Problem 5 in file 5,1.810208,5,1.2 0.9 1.4 1.1 0.9 0.9 0.9 0.9,295,303,1.0271186440677966
Problem 1 in file 6,8.386875,5,0.8 1.4 1.2 1.3 0.8 0.9 0.8 1.0,379,393,1.036939313984169
Problem 2 in file 6,2.163,5,1.1 1.1 1.2 0.8 1.0 1.0 1.2 1.0,383,406,1.0600522193211488
Problem 3 in file 6,2.067833,5,1.1 0.7 1.1 1.1 1.4 1.1 1.1 0.8,368,392,1.065217391304348
Problem 4 in file 6,2.432917,6,1.5 1.1 1.2 1.0 1.2 1.1 0.9 0.8,371,402,1.0835579514824798
Problem 5 in file 6,2.392292,6,1.1 1.1 1.5 1.1 0.6 1.1 1.2 1.0,390,425,1.0897435897435896
Problem 1 in file 7,2.6003749999999997,5,1.1 0.9 1.2 1.0 1.1 1.0 1.1 1.0,467,488,1.044967880085653
Problem 2 in file 7,3.006958,6,1.2 1.0 1.2 1.1 1.2 0.8 1.1 1.0,466,495,1.0622317596566524
Problem 3 in file 7,3.005208,6,1.0 1.0 1.1 1.0 1.3 1.0 1.0 0.7,479,493,1.0292275574112735
Problem 4 in file 7,2.891125,6,1.1 0.5 1.1 1.1 1.3 1.1 1.0 1.1,495,508,1.0262626262626262
Problem 5 in file 7,2.97075,6,0.9 1.3 0.9 1.1 1.2 0.7 1.1 1.0,470,485,1.0319148936170213
Problem 1 in file 8,3.345541,5,1.0 1.0 1.1 1.2 1.0 0.7 1.2 0.9,403,411,1.0198511166253101
Problem 2 in file 8,3.812333,6,1.1 1.1 1.1 1.0 1.1 1.0 0.8 0.9,397,404,1.0176322418136021
Problem 3 in file 8,9.7195,6,0.9 1.2 1.0 1.1 1.0 1.0 1.1 0.9,403,414,1.0272952853598014
Problem 4 in file 8,4.034209000000001,7,0.8 0.9 1.2 1.0 1.1 1.1 1.0 1.0,387,391,1.0103359173126616
Problem 5 in file 8,3.6171659999999997,6,1.0 1.2 1.2 1.2 1.0 0.9 0.9 1.0,405,424,1.0469135802469136
Problem 1 in file 9,2.967917,6,1.2 1.2 1.2 1.1 0.9 0.8 0.8 1.1 1.1 0.6,358,357,0.9972067039106145
Problem 2 in file 9,2.95975,7,1.2 1.0 1.2 1.0 1.1 1.2 0.9 1.0 0.8 1.0,359,378,1.052924791086351
Problem 3 in file 9,2.432542,5,1.0 1.4 1.4 1.6 0.7 0.8 0.8 0.6 1.4 1.2,362,395,1.091160220994475
Problem 4 in file 9,2.96625,7,1.2 1.3 1.2 1.4 1.0 0.7 0.7 0.9 0.9 1.1,361,374,1.03601108033241
Problem 5 in file 9,2.809708,6,0.9 1.5 1.1 1.2 1.2 1.0 0.8 1.0 0.8 1.4,366,404,1.1038251366120218
Problem 1 in file 10,3.520167,6,1.2 1.1 0.7 1.1 1.0 0.8 1.3 1.3 0.8 0.9,471,476,1.010615711252654
Problem 2 in file 10,3.399208,5,1.2 1.0 1.0 1.1 1.0 1.0 1.2 0.6 1.0 1.4,468,494,1.0555555555555556
Problem 3 in file 10,8.800334,6,1.1 1.2 1.3 1.0 0.6 1.4 0.9 1.1 0.9 0.9,487,509,1.0451745379876796
Problem 4 in file 10,3.599375,6,0.9 0.7 0.8 1.4 0.8 1.0 1.2 1.1 1.1 1.0,466,477,1.0236051502145922
Problem 5 in file 10,3.843042,7,0.8 1.1 0.8 1.0 1.1 1.1 1.0 1.2 1.0 1.0,466,468,1.0042918454935623
Problem 1 in file 11,4.797917,6,0.7 1.2 1.1 1.0 1.2 1.2 0.8 1.0 1.3 1.0,639,665,1.0406885758998434
Problem 2 in file 11,4.972417,7,1.0 1.0 0.9 0.7 0.7 1.3 1.2 1.1 1.1 0.9,646,645,0.9984520123839009
Problem 3 in file 11,4.727459,6,1.1 1.0 1.1 1.2 1.1 0.9 0.6 1.1 1.1 0.8,657,665,1.0121765601217656
Problem 4 in file 11,5.3875,7,0.9 1.0 1.2 1.3 1.2 1.1 1.3 1.3 0.9 0.7,641,698,1.0889235569422777
Problem 5 in file 11,4.42575,6,1.0 1.1 0.9 1.0 0.5 1.0 1.0 0.8 1.2 1.1,642,623,0.9704049844236761
Problem 1 in file 12,5.910583,6,1.1 0.9 1.1 1.2 1.1 1.2 1.1 1.0 1.1 0.7,721,752,1.042995839112344
Problem 2 in file 12,4.35525,4,1.1 1.1 1.0 0.7 0.9 1.2 1.0 1.1 1.1 1.1,720,733,1.0180555555555555
Problem 3 in file 12,5.1680839999999995,5,0.9 0.9 1.0 1.2 1.1 1.1 1.0 1.2 1.0 1.1,719,761,1.0584144645340752
Problem 4 in file 12,4.925875,5,1.2 1.1 1.0 1.2 0.7 0.9 1.2 0.8 1.0 1.0,720,744,1.0333333333333334
Problem 5 in file 12,4.9325,5,0.9 1.1 0.8 1.2 1.0 1.1 1.2 1.2 1.1 1.3,708,769,1.0861581920903955