0,29092.0
1,30331.0
10,30152.0
11,30268.0
12,30603.0
13,29756.0
14,29174.0
15,30582.0
16,29212.0
17,30558.0
18,30511.0
19,29697.0
2,30316.0
20,31630.0
21,29840.0
22,29996.0
23,31375.0
24,28872.0
25,29363.0
26,29931.0
27,29290.0
28,29994.0
29,30333.0
3,29674.0
30,29943.0
31,29756.0
32,29367.0
33,30093.0
34,29880.0
35,30420.0
36,29969.0
37,29529.0
38,30461.0
39,30557.0
4,30311.0
40,30551.0
41,29787.0
42,29415.0
43,29958.0
44,30423.0
45,29313.0
46,30069.0
47,30627.0
48,30589.0
49,30102.0
5,29650.0
50,29611.0
51,30471.0
52,29280.0
53,29952.0
54,31112.0
55,30181.0
56,30400.0
57,29101.0
58,30148.0
59,30984.0
6,30343.0
60,29161.0
61,29978.0
62,30495.0
63,30122.0
64,31021.0
65,29574.0
66,29636.0
67,30778.0
68,29697.0
69,30520.0
7,28847.0
70,30098.0
71,28643.0
72,29364.0
73,29103.0
74,29463.0
75,30097.0
76,30171.0
77,29221.0
78,29383.0
79,29706.0
8,29829.0
80,30379.0
81,30221.0
82,30308.0
83,29592.0
84,29253.0
85,30211.0
86,29738.0
87,30104.0
88,31208.0
89,30517.0
9,30446.0
90,30314.0
91,30472.0
92,29638.0
93,29362.0
94,29112.0
95,30051.0
96,30403.0
97,30149.0
98,29747.0
99,30134.0
